42
8469
6335
6503
9171
5726
1480
9361
6965
4467
5706
8148
3284
6829
9962
492
2996
1944
4828
5437
2395
4606
3903
154
293
2384
7423
8718
9720
9897
5448
1729
4773
1540
1870
9914
5670
6302
7037
9895
8706
3814
1326
337
7675
4665
5143
7712
8256
6869
5550
7647
2666
2761
40
2861
8724
9742
7532
779
2318
3036
2193
1843
289
110
9041
8943
9266
2651
7449
3808
5892
6730
4373
5352
5008
1105
4396
3549
9631
2625
4087
9956
8758
1842
4967
7377
3933
6311
6946
2443
4629
1325
5538
1541
6120
2083
2932
6543
4834
1119
4640
9661
2707
9931
3979
2307
1677
2389
5022
8748
6927
9074
6271
5830
6780
5575
5098
6514
3989
3292
9162
8638
2358
4770
3658
5576
4032
2054
7353
1151
6943
1727
3968
3431
1111
195
8009
1339
5459
2289
7756
385
4947
8910
2213
9759
4224
8590
6423
4949
7509
3032
6415
9171
901
2595
8764
1656
7412
6360
7627
540
1551
6484
7598
4042
3603
4353
293
840
9375
1022
4597
4024
7351
3202
9670
4487
8282
4735
54
2000
6421
7941
6901
3789
8129
468
3729
4895
4651
2486
7809
2422
4312
6618
2816
9515
4311
7617
8937
7453
603
5250
6521
1560
2801
307
6225
1010
5845
2613
4991
2706
3196
488
3094
4345
527
1588
9317
9504
7449
5203
3460
6619
583
9798
4800
5283
9591
801
8012
7160
475
3625
8540
2294
6039
4182
8192
9660
7959
6192
9817
2891
9158
1513
6204
2635
4275
58
331
2649
6365
4887
8877
8436
9872
145
3847
1417
1884
2002
324
8653
23
5700
3558
8479
7895
4392
5076
714
2601
2511
1006
6872
7863
4690
3403
9790
5257
6425
5003
587
4185
287
7091
1430
8620
3760
9833
936
4170
2155
5724
7191
9978
1333
2369
8695
1428
557
3435
6551
7442
9513
149
8062
1721
3754
6141
2425
6281
5999
6689
2531
2552
7439
9868
2951
194
3198
3298
419
8289
6107
4491
6284
2457
5737
8116
1703
1320
674
5787
2265
4314
4358
1189
56
913
810
1833
948
4314
7759
8324
9560
3649
7985
482
4145
3199
225
7130
2162
5536
453
1175
468
2046
1662
6295
6442
7255
27
6157
9513
4746
652
3188
8314
4475
8025
2169
4020
8789
9906
7960
7392
204
3626
6480
4415
9315
5827
9337
5877
4375
162
1835
8073
7488
8300
7519
8178
7775
2274
1764
2669
7194
3987
3103
8481
9216
7628
4803
4100
531
2626
1544
1925
1025
9975
3063
4183
1007
7435
7507
7596
2728
3033
8493
143
7224
1290
3066
7901
9189
8361
2416
978
4272
9173
236
837
9713
5763
8898
4668
7286
2552
141
3696
2696
1627
8022
2126
6579
1697
2661
6305
7373
2469
4679
2596
3854
5487
1019
8467
1122
3155
2801
8089
1064
1927
9011
4758
2174
318
9577
231
2045
2761
7165
5110
7883
7088
9568
3488
9580
4476
2626
5630
5630
1932
5426
8523
6903
4964
124
4599
3738
3263
197
2529
1265
8261
6203
8117
5031
329
9014
775
6412
5550
1156
1523
9793
4926
192
1766
4941
854
8664
3831
904
7715
8960
7580
8366
3009
1479
1201
6061
6440
2304
2762
9359
2325
6478
5109
1116
4889
9803
2853
4462
2431
2995
7387
9407
6541
1115
8707
2837
2360
6073
9353
8825
4487
559
3219
1627
9358
8527
3359
9340
3274
3872
9364
2898
3024
9620
114
2719
8698
1587
4044
4426
4132
4232
4566
6560
8933
2299
9858
2055
6964
3585
9737
6655
6974
1460
4371
2535
2964
2608
2484
912
1637
69
2851
4676
2940
2224
2145
3757
6512
2744
178
1462
7827
3222
7872
1627
1938
5207
1787
3853
7400
2282
2704
2195
2736
1638
6537
5557
1994
178
5708
6963
550
5883
301
4415
6643
9857
4858
3144
1464
7614
881
427
2682
1753
8445
8299
2675
42
9314
876
75
2820
611
1018
4934
8115
699
3171
3834
43
6491
8688
9092
9499
2590
5993
5147
9355
9316
8653
6743
2047
1260
336
8760
1194
7606
5267
2183
8506
3830
3778
611
9295
5998
7551
9559
5564
1631
6468
9544
6132
1244
7816
9177
604
6078
218
8684
8214
3995
5827
5602
3395
5761
2671
6431
8030
4085
77
8788
5500
4973
6288
3850
2608
504
1224
2666
5707
2364
9011
2174
7492
8242
2166
5545
7620
916
7592
6705
1822
9233
751
5208
4976
1540
304
1424
1101
1249
3586
3650
2972
7866
2916
1077
1548
8715
7548
8680
1770
5264
8520
3987
8292
5946
2866
8542
3248
5511
8321
7873
9602
8326
1135
4475
7155
5090
8573
9766
9904
7105
4425
3528
1602
6972
4017
5566
29
1546
5350
2089
2944
2639
2412
6466
5050
4682
1589
1344
609
2064
1224
1759
9957
891
4148
691
7950
2845
1433
5623
749
7070
4537
786
8037
2230
5187
7039
9854
5632
1226
5750
9925
3360
2261
4769
4945
4957
3321
2730
5414
1028
358
1005
2552
9497
8586
9516
7966
3345
8076
7915
6144
1200
1951
5075
429
4608
6176
4432
2408
6706
629
9815
9377
97
6567
6038
4738
9144
818
5995
8257
6653
3939
842
485
1356
1018
1132
8232
7843
4627
2012
2641
4187
9692
1651
5663
1637
895
355
1419
3454
4010
7263
2236
5455
6305
6636
6306
4258
149
1126
2319
4214
7112
4031
9203
1083
1321
6860
4053
4158
1365
5266
1905
3677
9646
6912
4904
3562
8492
4951
1283
3655
678
2221
5403
6924
3832
9371
3879
262
9010
2622
3974
7
1948
9782
6507
2394
2689
5316
6699
5590
2724
5939
9039
6411
1465
6235
2510
9962
3960
6494
1516
5272
4940
8872
59
4702
3973
6267
5119
6217
4558
7816
8332
3040
216
9291
8085
1955
6087
713
4487
4777
8381
9818
5954
6542
8117
1680
7112
5901
3076
789
3980
8134
9959
8692
6116
10
2943
5792
1724
1366
29
5187
4781
7201
5072
1886
1977
1072
1335
2870
6156
4297
2172
828
9677
5631
8653
2599
3310
4694
4687
84
118
2251
6670
1529
6682
7865
9424
8406
8827
6817
7517
7729
8669
9090
7684
9966
1341
5687
6022
1664
4723
6065
9312
418
7904
9876
7126
3944
2749
1766
8426
7534
4807
2270
9319
5603
1911
4310
3484
1013
1139
6633
4117
6812
4085
3559
2292
1296
9999
9155
1055
5348
4710
249
7492
3714
5132
118
6441
7959
4725
9707
6996
1053
5272
7480
8240
6426
7921
868
7661
2502
8489
1199
7463
6636
2160
2024
1147
8394
3039
3926
649
9461
6603
811
4099
7833
9295
4602
7279
802
8354
451
3884
541
8318
4576
8763
9568
2339
8399
1422
9899
5831
3853
6819
4233
4450
6927
659
230
4523
942
9563
5149
5165
1656
678
793
2364
1758
6400
3149
8715
6949
1191
9571
8639
7666
5077
4518
1523
476
5617
531
3236
2572
906
9465
9559
8965
4163
528
2551
7471
331
1927
8353
4335
2928
912
9739
6338
8339
1279
2395
7637
718
8167
1595
9951
9137
2506
3339
6
6339
2624
8667
9971
5611
572
9283
7086
9153
8375
8655
8195
9877
3829
8399
7573
6250
4642
9177
8821
944
2615
1942
292
8420
5566
3806
7586
6218
1454
1616
2610
1066
9167
6895
6076
3511
304
9697
9574
5591
3163
1176
7970
7361
6034
6271
9428
8513
424
778
8780
914
3555
4183
5394
5497
5765
875
1365
4904
8258
4461
475
6973
6824
6125
5550
1580
9790
5608
199
7597
7951
6345
755
2482
1013
1674
3442
3430
5913
9763
5968
4411
4416
1909
7225
1761
6437
5205
9489
4320
959
5946
6809
8167
8702
1369
7694
1790
8535
560
978
3448
5022
8285
6225
9334
2377
8586
6951
2725
7984
2021
4778
9221
1115
2186
3859
9492
8926
4325
6487
9679
5971
1645
7535
5679
2671
1072
1994
2200
7784
6830
7728
9429
5873
699
7614
8705
1029
1410
5546
9509
7186
242
4240
6446
1316
2504
8851
5131
2112
3653
8152
1194
1455
5871
682
7468
270
7715
9795
8636
5475
975
2833
4904
8445
5178
3879
5773
703
4366
1382
6592
8824
2238
8024
2183
6597
172
2328
2044
1314
8185
1060
7927
9488
1671
2532
5652
2259
7214
9861
5786
1289
2743
8611
4473
7129
8436
5842
721
3504
4869
4868
940
1882
9258
2753
8617
8600
8461
2662
6066
2760
810
281
9491
9437
6366
2079
7587
1387
7834
8361
3332
6051
8929
9495
2435
3843
6767
1736
9812
1601
1839
1895
1986
7329
9355
1371
1248
1797
6609
9253
1649
7434
9536
7209
3265
3498
3246
7652
2018
6844
190
6102
9814
652
9524
9853
4477
8636
9894
7203
9856
9991
5700
4920
7782
2581
2933
2548
3341
3489
900
2528
8484
5539
7493
6194
8255
5014
1561
5836
1841
1501
2786
8531
1544
8807
8794
3394
3212
3551
1581
6982
975
9278
74
196
1621
1500
3828
1280
9792
6583
3580
1161
421
6492
160
3450
2926
9073
382
7011
7970
210
6478
8505
5372
2611
4198
2076
3724
2613
9021
8764
1058
2892
1167
6685
3718
9934
5455
2742
4955
6814
2863
398
5462
618
906
2600
139
4681
9199
7035
4389
2588
7241
3518
7008
8671
242
8884
5252
3524
1762
2107
9624
7097
7297
9917
5680
180
3581
5061
7580
2752
4009
3732
4084
2996
2679
4679
7756
902
1786
5567
3094
3610
6173
1245
9932
7515
170
5056
1193
5974
8923
6749
5652
988
2145
6448
1581
6520
4631
9919
5875
5793
5471
2915
8147
697
9092
9816
6952
6860
643
6055
237
8552
9488
1230
8165
6957
3186
8395
184
6099
3066
7068
2514
9262
2580
1081
6880
4142
4612
1951
2446
171
9978
3491
4753
6150
3334
3867
2217
7284
7010
7435
8897
6369
8525
4883
1814
7643
7232
2188
6706
6480
6322
6539
1355
9449
4211
9647
2279
5762
193
426
7669
8487
3456
2029
9617
4861
9256
1779
1352
2505
863
2434
9085
2457
4199
2109
8753
5823
7298
6284
6024
4458
5949
7127
8320
9136
1378
1775
9862
5001
2076
9254
6923
637
1644
8891
8154
3234
4748
8683
9928
5681
6451
4803
4964
4201
858
6366
5717
575
1565
3248
6474
8277
1551
4356
1182
4288
2700
8112
8645
7467
7173
2530
9982
2113
3478
4382
8248
6893
6673
8806
2376
36
3990
9321
3168
5433
9659
1295
7208
6581
6950
2207
7174
8168
3397
6699
1024
3697
5531
4790
113
7986
1971
8981
1620
4016
6628
3685
9169
7908
5931
2099
8121
4393
5201
1787
4488
9201
2422
713
8273
5815
7418
6086
319
3581
1332
7268
8388
3446
3189
4509
4361
7829
8077
6434
7153
275
270
4694
9887
338
1315
7606
2679
407
7769
9025
9415
5001
543
7539
42
1391
7356
3291
1651
3182
3095
6586
989
763
496
8218
9502
7484
9450
5667
755
2107
5086
9097
3527
225
3965
1784
4873
8107
3657
3344
2596
7083
6082
4870
1414
3715
971
3252
7219
2081
8771
7042
1535
2935
3782
666
2261
6656
7939
2096
4368
1876
7721
6838
5683
8977
8457
5726
4072
4811
3561
9157
5603
7834
7906
442
7376
1565
2888
1965
1083
1837
799
1206
510
82
5341
2078
9059
1497
7741
8547
477
4776
9099
8881
3338
1074
3403
708
2958
669
4142
3591
2483
7170
8318
9398
6227
1010
2015
8138
1457
8764
5046
743
22
7924
4515
9249
6021
7371
3720
9715
7652
3292
3336
2761
3170
1898
5304
2643
1982
4202
9108
4794
8663
8682
3653
8754
4036
2033
5989
7043
6256
86
1422
5816
2722
2246
1067
7230
655
8866
4770
474
5007
1050
1595
1490
4329
3277
1326
6541
7680
3993
2592
4713
9274
7947
9224
8473
186
3592
3958
4979
4782
5007
3264
138
3490
7199
9036
2089
2937
9781
5995
4792
4965
8967
1003
9107
1809
4570
2670
3135
2675
1458
3000
3546
3599
4220
8839
4846
7373
8564
1031
9267
8804
4725
3492
7605
1605
4230
1199
3695
9773
366
9304
2366
7722
3566
7423
3448
8612
496
6743
5024
1816
9154
3018
8056
3394
8739
5281
9884
1609
2656
3823
2711
4248
1339
145
2293
1343
3157
4607
4624
2228
81
1727
1985
2331
9736
8226
597
9133
8848
4988
9448
8807
8617
5751
492
7341
1966
8138
4699
2213
1633
3227
1909
6740
4477
1924
7375
295
3856
6735
9562
1060
7609
8185
7076
8385
4121
6742
436
4687
2781
2281
8285
670
840
4128
4121
2739
8030
2123
580
739
4093
559
2798
6062
1904
8794
3433
2137
4581
4877
5908
1187
8077
8720
6793
479
45
3352
8330
6292
2977
3075
3592
2191
5789
1494
3240
4895
3054
7065
683
5906
7008
4179
8481
1696
6140
2472
4000
1086
3642
9518
7624
9996
5828
5724
3841
4831
2583
4402
8979
1893
1024
6946
4837
4245
7350
2703
8708
505
5144
689
8347
5893
4640
8415
1402
2819
1694
3164
8936
9129
9412
9879
1384
6263
7192
6708
3876
2664
725
2199
2569
6362
6039
8590
7812
8248
9468
2429
6870
3191
544
3065
1550
506
9620
9100
5026
7228
1207
52
1054
1571
8637
9459
5970
8457
9406
1533
9965
6822
7976
558
7532
1499
8045
595
6806
3389
8917
7451
2321
6273
5794
9386
135
1776
4645
3572
8302
7956
2080
3586
2258
5336
894
492
105
4751
7235
724
4274
9613
8992
342
1644
3261
9049
2353
9659
480
5305
2687
8992
4
5570
4423
6897
6136
8010
2363
6744
2197
3702
3191
181
4043
1361
3944
1848
7470
6347
4381
1917
4966
5713
64
5388
76
7507
9463
2707
8105
1071
5155
3530
1556
2078
9151
3731
2245
846
3051
4120
4068
6366
9554
8776
8472
9734
6748
7512
5870
4400
500
7104
7355
5682
8056
3045
4524
1092
1564
5837
9851
7024
7241
1914
9493
5652
8583
5479
7619
9879
9180
5221
4617
2351
6801
2183
1639
6859
2884
1663
8904
8265
9422
9772
9024
9274
5844
2688
8891
3918
1721
1893
3700
1269
1751
66
391
6933
5622
6083
2004
9133
3030
8633
4591
3155
8632
9174
9866
6408
2297
5431
9684
8492
6613
6180
1075
5239
6460
646
6842
7636
7040
3896
2633
277
2995
8785
2207
7463
8291
9664
2310
1000
1155
8425
8891
6719
6641
8706
5567
4884
3664
2662
8247
389
2655
2769
9603
6842
7211
1498
7286
9253
8060
8422
176
585
6790
3272
4288
8002
2506
4982
2139
702
531
2462
2120
206
7541
8830
4462
1624
4400
3761
7101
2937
483
618
9569
8495
8599
9163
7747
540
7671
541
1479
1558
4920
6373
6762
5753
3760
5435
2259
9068
727
2402
3035
2761
395
552
7276
8794
6195
2935
141
7105
3691
8214
3696
4671
2631
7499
990
5250
3880
1649
1151
935
670
879
5601
5452
5439
4602
126
1444
1732
8156
2864
4435
9386
3970
818
1395
6706
9869
957
312
8226
8686
796
2670
50
2473
3932
815
9816
6092
5428
3746
1605
601
6476
7196
507
5159
7591
9859
7812
7891
1449
41
3819
9365
7977
27
5092
2504
70
6415
6841
2572
4678
5398
8644
9989
7653
1112
8188
86
1088
3393
1254
8688
4756
1383
8131
5505
4280
866
6427
3566
3873
833
889
4430
6647
892
6479
885
4928
1268
1264
5046
781
5822
3857
2521
2929
4776
5137
7254
2678
3338
6336
1004
2738
9311
5975
7591
359
1072
2084
937
2149
7284
1826
8720
3575
4713
3039
4999
9906
7163
1718
8693
9541
8050
948
9105
235
4118
840
5861
832
2646
3395
7201
9647
4274
676
1865
2076
3775
2481
1240
6900
3543
9611
9205
3280
6126
137
1402
9079
8384
172
739
7481
7941
1141
8723
1430
665
1678
1578
6725
5984
7703
7962
8865
6004
8450
5098
685
4019
5139
9508
3995
1287
2945
263
822
7059
4646
7670
679
120
9860
3044
8892
5267
1624
6916
8073
7931
842
4716
7617
2538
4959
7762
701
3454
5094
4244
1831
2450
5228
1800
6226
326
2276
8135
2888
5040
2172
6863
2633
5085
1911
4880
6924
7088
9403
3027
4195
3108
9413
5767
5768
5409
679
3786
705
4792
9835
893
622
8087
7737
5193
545
8000
2089
2022
5623
428
2600
1379
4257
9672
8110
2929
2495
6071
6367
9103
2439
2602
821
4320
2291
4986
6341
2557
5811
4633
1481
6817
3789
7240
8077
5023
829
2555
1989
7442
6800
3644
9004
6323
108
3948
7057
8511
9836
7710
9763
6534
689
4806
6388
144
8844
7262
2164
1624
4344
9579
1188
114
3065
4592
5935
418
657
9764
5015
8414
1961
6253
8740
3372
6127
5508
8008
7586
953
3104
4491
4961
5443
1791
7015
416
4857
1063
7094
8473
5405
2680
3545
7374
6267
7654
5277
1531
533
763
5470
2507
2733
7109
7895
2452
7955
8395
2573
3521
9474
3410
2497
9506
8443
386
4264
1412
8610
8040
4361
5472
1173
657
9950
1516
4525
1232
490
6767
7889
9759
6635
7471
5742
669
8523
7284
8161
7555
4708
7094
1260
5389
1691
4630
43
8320
2048
2358
3390
5455
3155
470
1835
7763
6922
5634
6739
1270
5779
1101
4317
6322
3055
4010
6471
4219
9723
9844
9010
5465
6263
951
3795
8633
8719
3046
1380
5317
6628
7119
1335
623
4173
6795
8965
9156
8868
4695
668
3778
3002
2214
1103
7552
5479
6380
945
7879
3790
362
1387
8273
1436
5146
9564
5566
4506
2948
3891
311
2159
1431
5124
6465
4075
4347
3839
1982
5321
6614
6294
7593
3833
7126
6462
6993
1465
7333
8501
7371
7293
8401
4181
4120
2318
9916
1596
1442
5937
1870
7029
1457
7912
3975
7983
1505
6572
6817
1884
5370
5386
8405
5231
7159
8684
5569
8311
1867
3688
3173
3478
1249
2768
6239
7674
2048
6118
4593
7314
2661
1406
54
7172
583
2743
2533
3677
4323
5793
3379
1000
6588
1607
4490
9633
9747
8389
6613
8720
6922
8261
5928
4611
8122
1482
2719
6301
1399
6855
1460
833
4596
810
9852
4856
4275
6163
2296
2056
6336
147
4230
473
430
561
2244
9424
2691
6368
2035
6688
2271
5332
2265
2863
2209
8983
2165
2510
6879
1981
1898
7888
6539
4471
787
7542
2798
7267
8635
3511
4560
2318
6137
2057
8137
2260
2594
7845
1696
6468
2954
8142
1096
2939
5175
2513
6098
9552
2696
1820
3495
1295
240
7533
614
5299
1713
2393
5629
5810
8789
1748
8842
8183
8572
6121
7396
6293
4964
4216
2529
6810
3196
8706
4715
7012
8915
6694
9666
6206
8998
7764
4383
6949
9912
1049
1771
6627
2514
7955
4236
1128
4635
8243
1863
5129
7580
3820
2341
144
5102
8403
6559
1479
3155
937
6432
5832
1298
3538
5625
7924
2928
8032
215
6213
1756
6883
2255
3294
1324
788
6531
445
1004
557
4674
9271
7453
9376
4633
3642
8935
8042
7987
8837
4250
1540
8768
2798
314
7263
5055
735
3990
4467
2561
4250
9559
173
5451
7185
7302
3295
4102
3335
9046
2335
76
1008
9052
5028
4068
1740
9803
9625
3845
442
3381
9697
7919
3660
1364
2630
6330
1089
8857
8614
4982
8571
667
7680
7580
7840
3403
3118
3295
1724
2873
9451
327
1155
5950
4398
5200
4509
2911
7413
3995
7666
6784
3203
7612
4831
7259
7708
8966
8025
772
1717
256
1809
3687
9481
2149
1843
834
9287
6903
970
3997
6635
3887
349
8283
8034
6258
9913
874
8983
3904
2308
637
7862
2475
9530
7138
8344
9769
8236
3996
9174
7604
8945
8013
7880
1038
4514
4596
531
4163
3237
260
1929
5907
5192
4445
6189
231
2723
6487
5225
9095
439
3226
8097
3583
8868
8628
2008
1148
2690
6591
543
8239
2853
8761
9579
8959
2681
2404
8045
6301
5813
5226
1146
1598
1019
6618
8807
1009
8371
1645
339
699
1326
8316
8026
2315
4621
8459
8398
8340
1089
2098
7847
7046
1526
2913
6282
3458
6361
6850
8873
991
3874
4328
3414
3455
1900
2474
4453
7243
4642
5647
3528
8216
6826
7931
8696
5406
2596
7994
6070
2190
4641
5082
43
8127
2536
4861
3003
4908
2625
7695
5296
5118
7718
406
3944
7895
641
9014
6928
4031
9980
750
2851
2895
6447
656
3626
4356
2038
1551
1349
827
6063
3905
240
7573
6889
6407
5300
2059
1730
1268
3752
2020
9993
8168
5718
5849
7095
3188
1422
2915
6868
8302
2448
9900
1202
3329
4945
7105
1769
9771
6644
6298
1264
722
1247
7921
9626
1222
7586
8176
986
461
3151
7016
5696
2505
5033
3853
1538
6817
8364
4652
1220
4293
5920
1686
1922
6587
7255
3587
1273
6251
2139
2398
425
3171
30
8151
1997
384
9274
7672
894
880
1015
9106
485
2944
1497
6814
1294
8895
6799
1991
1301
4892
8494
9077
1550
3776
9315
176
4072
9221
6868
6835
5240
9913
3254
6464
6509
5152
3091
2247
6232
1924
108
9273
2370
6422
5260
4158
9648
4983
8240
4125
7725
907
8708
191
1158
349
2353
6924
7119
1554
2098
1838
593
3408
4511
5816
4653
5883
7847
4746
7742
1247
4580
4950
1708
4517
9787
9228
8625
7206
8359
3920
6228
556
104
4288
9470
1700
8980
1414
2491
760
3492
779
8413
7134
7092
7299
1952
3115
125
2531
7673
5839
8279
5554
3978
672
9086
2656
1752
401
9753
9004
436
6695
5074
7918
6717
5331
1512
2129
1840
7299
8941
1546
1057
2828
2904
6761
4591
2023
2589
4110
9780
2630
1982
6950
2551
1281
3247
5131
4064
428
4720
679
9094
4048
3787
3234
7407
8685
1957
6771
4711
7959
2424
5947
3467
6018
1863
6499
8337
5191
5678
8052
1008
7887
3391
8677
3145
7379
132
8490
6558
2485
5256
5002
7757
290
2492
5218
2010
1314
941
7802
2998
9708
8455
305
8238
487
2501
796
9616
2616
8684
2985
5353
6131
7139
5034
6602
1868
3686
1859
8969
1711
1971
1712
2642
7735
2439
1686
2503
2705
9872
8586
9259
9694
7641
2089
5014
3812
5821
4837
1664
617
5900
8679
2775
136
7556
9535
8881
2287
5627
2735
8077
5351
716
6987
628
7795
6505
8825
4056
8915
463
4476
87
4163
1126
6056
9399
1824
9752
1340
3919
4007
4932
2200
7508
9239
359
6600
8293
1899
986
1450
1085
593
8727
8997
9858
4831
5340
7344
4430
9798
746
41
5507
6768
5054
9794
8508
4149
3610
3926
9856
9468
2241
6209
4212
5494
6501
8177
1040
3064
3649
5620
5016
6730
5714
7899
1912
7844
133
9091
9035
7916
6287
3524
669
1345
2740
2040
5417
5894
1950
975
846
2780
9287
6203
4592
287
8328
7120
5671
8
9730
4011
4543
226
5538
1982
717
474
5386
8750
331
7939
6205
702
7524
6367
1412
6042
251
1506
3486
1769
6143
2671
847
508
9089
3259
5110
8267
5858
2681
4201
2676
4157
5194
8991
9835
862
998
8918
8293
3968
1708
8235
8249
1464
9404
8240
3427
9097
910
8315
352
4587
5280
7778
5825
6880
2305
5814
5677
3165
7358
2574
6039
4315
146
6563
8183
8202
647
1859
8063
2648
5940
9810
9291
7454
980
2622
1422
4010
2287
4550
9980
5677
8615
8711
3373
8645
6341
6337
2625
1504
6037
8131
1361
1437
8472
2900
8507
4799
4203
3108
1239
5034
68
2518
4483
5581
9024
1728
1772
1317
384
6141
4819
8491
5321
5590
5514
8261
854
2275
3286
4365
7041
3013
3185
1762
3504
9575
8736
5060
7717
7652
6596
8525
4544
419
5379
1053
566
9893
139
3312
970
5057
3789
7227
8224
6441
7444
6649
6807
7837
9370
1445
8873
2672
9976
9178
5138
636
3242
5746
8020
1019
2977
9254
847
8957
5527
6967
5583
8145
2244
9337
5298
1878
5030
1206
2019
4292
1645
3467
6193
2474
6260
3703
220
2017
1944
4626
7066
1509
1158
1506
7667
9276
2050
7634
9792
6047
2146
6004
3154
1905
8327
9156
1187
9651
354
407
4349
1026
8973
4338
4796
9794
1325
5533
8859
5898
3211
7778
5693
4552
5292
3797
3854
7352
8316
38
9364
3761
9985
8730
2535
6051
8085
6808
1937
5587
792
1620
9185
9068
3119
6389
9426
3103
5611
6451
9984
8624
5194
7041
6756
4594
4897
283
5639
5170
7422
4346
6885
3868
4699
837
392
2635
192
7841
186
3819
2132
6754
681
8615
602
8253
5147
9863
2152
8321
8966
7814
4909
9557
1480
618
1213
5432
2265
5968
9533
9945
700
9524
1159
7590
5259
3161
4465
3764
8511
950
1069
8381
3167
5947
3542
7300
8043
4466
3197
2586
272
2719
2204
1207
2110
1306
4699
8834
7612
9069
416
6646
179
6355
3451
4922
3081
7991
6324
7593
1601
2200
3511
8653
72
659
4124
6862
7998
1001
1900
4121
1321
2040
6986
4913
1916
3956
9487
744
201
1569
4209
6845
173
9684
4880
1111
7209
5260
5709
3852
4078
8029
127
7610
7776
2885
131
4549
3146
484
1716
152
4171
3340
310
6796
3507
1106
1698
8219
5957
6643
2344
6136
2101
680
739
9557
5636
1955
931
254
9906
282
2490
4873
1758
6075
2180
6704
5417
8088
4232
7482
9977
264
517
8939
6659
4992
9440
8984
5449
5243
4621
6072
5634
4064
7222
8784
993
2835
8673
1564
1305
503
6931
725
4901
1451
947
8409
2223
8687
5795
3580
2846
8685
1550
3242
486
6466
1727
340
6655
7171
8133
5257
1467
4859
2515
9659
3319
3203
143
1279
1510
2706
686
5025
274
6315
8251
3477
314
6853
9197
5489
1522
6104
186
4801
7895
8850
6785
249
2189
4464
8346
8260
6861
8872
4018
8173
2835
4444
7685
6090
2018
3978
8518
8300
40
1287
3206
9999
9149
5770
3678
918
9388
5022
6031
7444
1738
2393
376
3481
2075
779
787
8382
1789
523
8347
982
6087
5715
939
9737
887
2187
6098
651
2086
4754
522
9261
1985
6637
7689
9921
7238
6795
7068
9280
4199
1500
6389
1014
978
7548
2123
3205
7246
6703
8567
1543
2573
2258
2371
1923
1658
9361
1082
7299
3394
3963
514
9594
5870
2036
1676
2138
503
7777
5793
4378
1260
275
706
5087
970
9516
3545
3498
3567
8458
4188
8438
9200
2628
8366
1086
1669
8910
343
1361
2815
1157
8014
9754
3339
8707
2527
634
9252
3182
3080
8314
8841
2521
8422
4147
5992
1970
1842
4311
6567
3765
9475
3684
1973
3150
7056
2711
6509
6717
4430
1070
7692
4665
1773
5542
6261
8633
3575
2515
968
5991
8172
8171
2202
656
3851
3446
2938
6280
9408
9430
315
7524
2375
3330
7075
3464
2174
9935
1106
5590
1421
1467
6154
6129
598
1496
9216
2407
7373
3862
3308
2499
4836
4226
4853
7881
523
6127
7794
1589
1468
1375
5446
7109
7273
4090
8102
6521
8597
5716
7554
2495
4755
8258
7593
4962
3359
888
7810
5866
5689
2023
260
2316
2436
1029
4102
470
2872
457
6732
7579
6077
1397
847
1278
3318
5026
515
8587
5723
8972
59
4097
8175
5039
2184
6661
7297
5725
6985
6232
9506
2233
4303
5592
1483
7410
5507
2706
2861
9819
559
5563
4123
5029
3659
5716
3333
3095
7184
6470
1322
7359
1077
3988
9095
4984
1367
7267
9716
6749
4393
427
6258
3165
1471
5793
4233
2622
2881
4719
6130
9950
4721
9080
2095
3767
7590
5809
2128
4827
1163
7520
3221
37
1318
5459
4150
9159
138
3361
752
6210
1482
2297
2591
7526
7977
9695
4091
192
9375
7420
305
1705
4847
526
6542
612
1829
6638
8187
7419
1828
5171
7625
4901
2517
417
3645
5437
3672
380
1680
7860
7953
9847
7140
5916
2991
4619
7289
2383
8077
336
3916
1058
5659
66
9617
4527
2131
7445
1985
4873
7050
3399
8028
8583
204
8777
5417
669
4554
8761
2757
1419
2847
3555
9445
6825
2003
8425
122
5735
1417
9919
5795
1876
2062
1179
9075
5986
2505
1626
3210
7398
1028
6723
6294
1992
931
9073
981
195
9
2256
923
880
5139
820
3805
1093
7913
2291
7255
9982
7300
2324
2905
7605
6370
658
2731
9735
2440
2276
5227
6465
8137
2975
4351
6455
9504
2308
5521
8335
7440
698
3181
662
3147
7661
963
1910
6577
3474
648
3593
2975
629
4199
6812
5537
5837
1230
3717
3535
4959
6160
9752
4623
3299
9726
3122
4529
6408
8984
3446
578
1694
6591
542
667
8106
880
356
2943
7006
627
4854
5627
7613
7845
8725
1153
138
3592
148
7329
3858
7807
1745
6911
9383
2781
9105
85
693
534
7314
6102
6162
1049
2408
5292
7571
9962
2632
2142
1231
7583
2475
1781
7443
8458
2151
9447
4748
6127
7211
4699
5619
1184
4818
6065
6228
9475
7482
9595
2486
3006
8538
5335
1107
7590
736
5640
1169
1065
4520
8400
5033
7510
3898
3440
3981
2641
8246
4060
4172
745
7365
4772
1051
6521
6469
560
2147
3064
5606
9191
2189
1227
3604
7006
1303
1772
424
1351
5397
4567
5233
1668
6155
2004
3618
9176
790
670
1601
1583
6227
7730
6263
2160
3428
3270
9314
735
453
5170
9565
1571
8212
9238
6891
1712
2065
4751
8963
7546
4769
1757
791
8218
4568
9945
2089
275
2816
7582
841
9389
9271
1888
3832
811
4641
7322
8321
9884
1630
3022
1412
457
5896
1987
2358
3002
340
8831
5951
1460
2409
367
2335
53
9096
8595
1274
123
3020
9316
5255
6119
4978
9162
1508
154
4594
6563
3577
4855
75
1136
3019
5053
9194
1948
1853
750
2525
8062
6345
262
8369
2886
4441
2719
9108
5269
3555
2054
7433
3801
2024
6737
1102
2793
3917
6185
9031
5319
3060
3760
4584
2402
1136
8358
73
5273
2345
7782
3879
410
8298
7688
2404
8253
5720
3038
7286
8431
6680
5963
102
952
2365
6388
7629
7159
2738
4842
8940
1595
7098
1037
4494
9771
7876
9938
9111
100
384
1564
5742
5585
5926
8502
6733
1851
5445
8607
6851
8290
6043
2772
9224
1589
6469
2085
3401
1160
5608
6940
9465
923
8368
5760
9687
9024
232
9300
9359
5471
3178
4199
1684
9989
7620
2947
2194
8276
2470
5522